2.0633466387048338219756e+04 -2.0311203189809533796506e+04 -2.0341167708422079158481e+04 -2.0307952859647291916190e+04  
1 1 1 1 3.1326319723880442325026e+02 
1 1 1 2 -43 
1 1 2 2 3.2126319723880442325026e+02 
1 1 1 3 -47.50 
1 1 2 3 -19 
1 1 3 3 3.1826319723880442325026e+02 
1 1 1 4 -19 
1 1 2 4 -37.50 
1 1 3 4 -43.50 
1 1 4 4 2.8229867862625906127505e+02 
1 1 1 5 -44.50 
1 1 2 5 -39 
1 1 3 5 -55.50 
1 1 4 5 -34 
1 1 5 5 2.8429867862625906127505e+02 
1 1 1 6 -44.50 
1 1 2 6 -40 
1 1 3 6 -54 
1 1 4 6 -29.50 
1 1 5 6 -13 
1 1 6 6 2.8929867862625906127505e+02 
1 1 1 7 -37.50 
1 1 2 7 -39.50 
1 1 3 7 -51 
1 1 4 7 -47 
1 1 5 7 -45 
1 1 6 7 -53.50 
1 1 7 7 3.1851352740104630356655e+02 
1 1 1 8 -37 
1 1 2 8 -22.50 
1 1 3 8 -29.50 
1 1 4 8 -22.50 
1 1 5 8 -32.50 
1 1 6 8 -26.50 
1 1 7 8 -51 
1 1 8 8 3.2051352740104630356655e+02 
1 1 1 9 -41.50 
1 1 2 9 -42.50 
1 1 3 9 -46.50 
1 1 4 9 -23 
1 1 5 9 -38 
1 1 6 9 -27 
1 1 7 9 -65 
1 1 8 9 -19.50 
1 1 9 9 3.1551352740104630356655e+02 
2 1 1 1 3.3593080313504924960810e-01 
2 1 1 2 2.9883455268026071216525e-01 
2 1 2 2 2.6583480106363405193193e-01 
2 1 1 3 3.6575837693865043132035e-01 
2 1 2 3 3.2536833225253097845453e-01 
2 1 3 3 3.9823439582615793863596e-01 
2 1 1 4 3.1059772750054653878138e-01 
2 1 2 4 2.7629897650514861906501e-01 
2 1 3 4 3.3817597167742385888545e-01 
2 1 4 4 2.8717508875597597128859e-01 
2 1 1 5 3.5460267490404073775778e-01 
2 1 2 5 3.1544453525819149408704e-01 
2 1 3 5 3.8608815600121682010126e-01 
2 1 4 5 3.2786153810688373200222e-01 
2 1 5 5 3.7431240667060072802030e-01 
2 1 1 6 3.3721916869884199785545e-01 
2 1 2 6 2.9998065861775691232083e-01 
2 1 3 6 3.6716115304435170685338e-01 
2 1 4 6 3.1178894881174401554347e-01 
2 1 5 6 3.5596266437365975399132e-01 
2 1 6 6 3.3851250454142267631852e-01 
2 1 1 7 3.9722625493905489024726e-01 
2 1 2 7 3.5336126983131521672732e-01 
2 1 3 7 4.3249632102851487402972e-01 
2 1 4 7 3.6727080877482332077477e-01 
2 1 5 7 4.1930509846227587145151e-01 
2 1 6 7 3.9874971865734409881554e-01 
2 1 7 7 4.6970598575909505711934e-01 
2 1 1 8 2.6238384866440833675938e-01 
2 1 2 8 2.3340926881594720176949e-01 
2 1 3 8 2.8568113906377623489874e-01 
2 1 4 8 2.4259707609109684711690e-01 
2 1 5 8 2.7696780863337527867074e-01 
2 1 6 8 2.6339015665834469848150e-01 
2 1 7 8 3.1025960452795986466157e-01 
2 1 8 8 2.0493890718157445340886e-01 
2 1 1 9 3.3060065506999569695523e-01 
2 1 2 9 2.9409301584383340522066e-01 
2 1 3 9 3.5995497565429251940472e-01 
2 1 4 9 3.0566954739343643598914e-01 
2 1 5 9 3.4897627831241773144200e-01 
2 1 6 9 3.3186859160011250580169e-01 
2 1 7 9 3.9092356136103734165488e-01 
2 1 8 9 2.5822066584136871281174e-01 
2 1 9 9 3.2535510707825349152600e-01 
